> 0.4  0.45797310605005126 0.7660273813451437
>0 .   3.6140318037295134 0.01318998274645403
<=0.4  4.426030749590017 0.004683044405241846

g=0
>0.4  2.420087046831806 0.06418625489479711
>0 .   12.149525796601477 1.4819113769475844e-06
<=0.4 12.03675582291362 1.6348504294306551e-06

g=9.8 isCorrect
2.02198614763714 0.15586300497669645
18.251080559303183 2.362077412502042e-05
7.894344568460417 0.005176046527969613
40.33883727600729 5.239849308541804e-10
25.512083114601072 6.400494941502001e-07

ratio
34.10852839221917 1.5406584827964105e-43
24.604949791025454 3.100141508277383e-34
9.61957701505393 1.8954811624479363e-13
85.27046388300217 8.591234760503654e-91
41.11121840973849 3.93468746767548e-53

views
0.450220568569645 0.890374913531309
1.4604144580766674 0.16941580360906336
0.6253854427956029 0.7566907266683462
0.7498849041468046 0.6473377347235663
0.7504505862707991 0.6468341992341455


g=0 isCorrect
